2 19 19
 3.1873213445e-01 
 2.8464156303e-01 
-6.7699979152e-02 
-6.2739577476e-02 
 7.1849459689e-03 
 2.8106177872e-07 
 1.8671420272e-16 
 4.8891160896e-03 
 4.8816103754e-07 
-1.8102028292e-16 
 9.1708722166e-03 
 8.0451644291e-08 
 8.4760612581e-17 
-6.6214434485e-03 
 3.2945074801e-04 
 1.9115108836e-03 
-6.6228087695e-03 
 3.2997933292e-04 
 1.9113151801e-03 
 2.8464156303e-01 
 2.6364852288e-01 
-1.1610212365e-01 
-1.0537229829e-01 
 1.1040708168e-02 
 4.9064266060e-07 
 1.3312430683e-16 
 8.8418550806e-03 
 8.6574599610e-07 
-1.4408954930e-16 
 1.5421283027e-02 
 1.5578755280e-07 
 5.4754373194e-17 
-1.1145666026e-02 
 6.7379290752e-04 
 3.1863941067e-03 
-1.1148002285e-02 
 6.7465750040e-04 
 3.1860369226e-03 
-6.7699979152e-02 
-1.1610212365e-01 
 3.4212191910e-01 
 3.0519006430e-01 
-3.1784518075e-02 
-2.3277362525e-06 
 1.8152248787e-16 
-3.2119454538e-02 
-4.0656711273e-06 
-4.1189250019e-17 
-4.9086383741e-02 
-1.5774602893e-06 
 1.4123165186e-16 
 3.0764975582e-02 
-3.8476789469e-03 
-9.5088013287e-03 
 3.0772852545e-02 
-3.8485268386e-03 
-9.5071114768e-03 
-6.2739577476e-02 
-1.0537229829e-01 
 3.0519006430e-01 
 2.8219294109e-01 
-5.2769831420e-02 
 4.3725096702e-06 
-1.9647141500e-16 
-6.6766650632e-02 
 7.0335802817e-06 
-6.5636343357e-16 
-8.0507936539e-02 
 4.3773121675e-06 
-4.8133059015e-16 
 1.5654726558e-02 
-1.5874338788e-02 
-1.1625244985e-02 
 1.5651275875e-02 
-1.5887218223e-02 
-1.1625981824e-02 
 7.1849459689e-03 
 1.1040708168e-02 
-3.1784518075e-02 
-5.2769831420e-02 
 6.2958722066e-02 
-1.1227910922e-06 
-8.1473224915e-17 
 9.6699873313e-02 
-1.7077596675e-06 
 1.2029401029e-16 
 9.4834520582e-02 
 1.5567330117e-06 
-7.5005796719e-17 
 2.6140441416e-02 
 3.0962627596e-02 
 8.6125250389e-03 
 2.6145250249e-02 
 3.0965518457e-02 
 8.6104147835e-03 
 2.8106177872e-07 
 4.9064266060e-07 
-2.3277362525e-06 
 4.3725096702e-06 
-1.1227910922e-06 
 4.8220276702e-02 
-3.6346722578e-17 
-1.7012357495e-06 
 8.0134123039e-02 
-4.5838613598e-17 
 2.5944059058e-06 
 5.1925400518e-02 
-4.6831062595e-17 
 3.3581231272e-02 
 4.4833228670e-02 
 1.2409255102e-02 
-3.3582620550e-02 
-4.4832361566e-02 
-1.2406905210e-02 
 1.8671420272e-16 
 1.3312430683e-16 
 1.8152248787e-16 
-1.9647141500e-16 
-8.1473224915e-17 
-3.6346722578e-17 
 8.6788880719e-02 
-1.4778715950e-16 
-5.1024408720e-17 
 1.2987027550e-01 
-2.3097504308e-16 
-7.2054791382e-18 
 1.4307076854e-01 
-7.2760706499e-17 
 2.5184502851e-16 
-1.0170013016e-16 
-8.5496775541e-18 
-5.2635407351e-17 
 2.2331448648e-16 
 4.8891160896e-03 
 8.8418550806e-03 
-3.2119454538e-02 
-6.6766650632e-02 
 9.6699873313e-02 
-1.7012357495e-06 
-1.4778715950e-16 
 1.4940584411e-01 
-2.5901219367e-06 
 1.4604189749e-16 
 1.4561449853e-01 
 2.5359524293e-06 
-1.5670834906e-16 
 4.2410345702e-02 
 4.8168243794e-02 
 1.2964740069e-02 
 4.2418021575e-02 
 4.8172396098e-02 
 1.2961441779e-02 
 4.8816103754e-07 
 8.6574599610e-07 
-4.0656711273e-06 
 7.0335802817e-06 
-1.7077596675e-06 
 8.0134123039e-02 
-5.1024408720e-17 
-2.5901219367e-06 
 1.3316965630e-01 
-6.2142559704e-17 
 4.5502292925e-06 
 8.6291425908e-02 
-6.2365987621e-17 
 5.5806501076e-02 
 7.4505483094e-02 
 2.0622152676e-02 
-5.5808710067e-02 
-7.4503894944e-02 
-2.0618200555e-02 
-1.8102028292e-16 
-1.4408954930e-16 
-4.1189250019e-17 
-6.5636343357e-16 
 1.2029401029e-16 
-4.5838613598e-17 
 1.2987027550e-01 
 1.4604189749e-16 
-6.2142559704e-17 
 1.9433697403e-01 
 2.3170147129e-17 
-1.5654508571e-18 
 2.1409009970e-01 
-2.6382369175e-17 
 4.9857196785e-16 
-1.1368617917e-16 
 5.7802153510e-17 
 2.7055999836e-17 
 3.6825306655e-16 
 9.1708722166e-03 
 1.5421283027e-02 
-4.9086383741e-02 
-8.0507936539e-02 
 9.4834520582e-02 
 2.5944059058e-06 
-2.3097504308e-16 
 1.4561449853e-01 
 4.5502292925e-06 
 2.3170147129e-17 
 1.4286511243e-01 
 6.9517391365e-06 
-2.8937981966e-16 
 3.9221157329e-02 
 4.6604671466e-02 
 1.2993789607e-02 
 3.9222408976e-02 
 4.6601074331e-02 
 1.2988408034e-02 
 8.0451644291e-08 
 1.5578755280e-07 
-1.5774602893e-06 
 4.3773121675e-06 
 1.5567330117e-06 
 5.1925400518e-02 
-7.2054791382e-18 
 2.5359524293e-06 
 8.6291425908e-02 
-1.5654508571e-18 
 6.9517391365e-06 
 5.5915216794e-02 
 2.2153127931e-18 
 3.6162990130e-02 
 4.8279544837e-02 
 1.3363092391e-02 
-3.6161561608e-02 
-4.8275722036e-02 
-1.3359878890e-02 
 8.4760612581e-17 
 5.4754373194e-17 
 1.4123165186e-16 
-4.8133059015e-16 
-7.5005796719e-17 
-4.6831062595e-17 
 1.4307076854e-01 
-1.5670834906e-16 
-6.2365987621e-17 
 2.1409009970e-01 
-2.8937981966e-16 
 2.2153127931e-18 
 2.3585100581e-01 
-1.0266908932e-16 
 4.5260978147e-16 
-1.5407358974e-16 
-1.5044241806e-17 
-7.3654959381e-17 
 3.7497340458e-16 
-6.6214434485e-03 
-1.1145666026e-02 
 3.0764975582e-02 
 1.5654726558e-02 
 2.6140441416e-02 
 3.3581231272e-02 
-7.2760706499e-17 
 4.2410345702e-02 
 5.5806501076e-02 
-2.6382369175e-17 
 3.9221157329e-02 
 3.6162990130e-02 
-1.0266908932e-16 
 4.0171156690e-02 
 4.5670878524e-02 
 1.1522666508e-02 
-6.6004345585e-03 
-1.6773720965e-02 
-5.7608651020e-03 
 3.2945074801e-04 
 6.7379290752e-04 
-3.8476789469e-03 
-1.5874338788e-02 
 3.0962627596e-02 
 4.4833228670e-02 
 2.5184502851e-16 
 4.8168243794e-02 
 7.4505483094e-02 
 4.9857196785e-16 
 4.6604671466e-02 
 4.8279544837e-02 
 4.5260978147e-16 
 4.5670878524e-02 
 5.7340924852e-02 
 1.5587207059e-02 
-1.6773483667e-02 
-2.6026228149e-02 
-7.4871909868e-03 
 1.9115108836e-03 
 3.1863941067e-03 
-9.5088013287e-03 
-1.1625244985e-02 
 8.6125250389e-03 
 1.2409255102e-02 
-1.0170013016e-16 
 1.2964740069e-02 
 2.0622152676e-02 
-1.1368617917e-16 
 1.2993789607e-02 
 1.3363092391e-02 
-1.5407358974e-16 
 1.1522666508e-02 
 1.5587207059e-02 
 4.4533832202e-03 
-5.7612813981e-03 
-7.4876137775e-03 
-1.9332897353e-03 
-6.6228087695e-03 
-1.1148002285e-02 
 3.0772852545e-02 
 1.5651275875e-02 
 2.6145250249e-02 
-3.3582620550e-02 
-8.5496775541e-18 
 4.2418021575e-02 
-5.5808710067e-02 
 5.7802153510e-17 
 3.9222408976e-02 
-3.6161561608e-02 
-1.5044241806e-17 
-6.6004345585e-03 
-1.6773483667e-02 
-5.7612813981e-03 
 4.0177478966e-02 
 4.5673079352e-02 
 1.1520498941e-02 
 3.2997933292e-04 
 6.7465750040e-04 
-3.8485268386e-03 
-1.5887218223e-02 
 3.0965518457e-02 
-4.4832361566e-02 
-5.2635407351e-17 
 4.8172396098e-02 
-7.4503894944e-02 
 2.7055999836e-17 
 4.6601074331e-02 
-4.8275722036e-02 
-7.3654959381e-17 
-1.6773720965e-02 
-2.6026228149e-02 
-7.4876137775e-03 
 4.5673079352e-02 
 5.7339757398e-02 
 1.5583630900e-02 
 1.9113151801e-03 
 3.1860369226e-03 
-9.5071114768e-03 
-1.1625981824e-02 
 8.6104147835e-03 
-1.2406905210e-02 
 2.2331448648e-16 
 1.2961441779e-02 
-2.0618200555e-02 
 3.6825306655e-16 
 1.2988408034e-02 
-1.3359878890e-02 
 3.7497340458e-16 
-5.7608651020e-03 
-7.4871909868e-03 
-1.9332897353e-03 
 1.1520498941e-02 
 1.5583630900e-02 
 4.4514658528e-03 
